0.8
0.790909090909
0.754545454545
0.809090909091
0.772727272727
0.754545454545
0.772727272727
0.709090909091
0.809090909091
0.772727272727
0.772727272727
0.681818181818
0.809090909091
0.781818181818
0.754545454545
0.827272727273
0.863636363636
0.763636363636
0.754545454545
0.727272727273
0.727272727273
0.8
0.718181818182
0.772727272727
0.8
0.727272727273
0.727272727273
0.754545454545
0.754545454545
0.736363636364
0.772727272727
0.736363636364
0.718181818182
0.7
0.763636363636
0.727272727273
0.781818181818
0.818181818182
0.754545454545
0.745454545455
0.672727272727
0.754545454545
0.754545454545
0.809090909091
0.8
0.781818181818
0.745454545455
0.763636363636
0.781818181818
0.763636363636
0.818181818182
0.772727272727
0.745454545455
0.727272727273
0.836363636364
0.763636363636
0.8
0.781818181818
0.763636363636
0.772727272727
0.709090909091
0.690909090909
0.718181818182
0.809090909091
0.709090909091
0.727272727273
0.772727272727
0.772727272727
0.727272727273
0.781818181818
0.781818181818
0.772727272727
0.736363636364
0.827272727273
0.809090909091
0.809090909091
0.7
0.772727272727
0.772727272727
0.818181818182
0.781818181818
0.672727272727
0.709090909091
0.790909090909
0.772727272727
0.754545454545
0.763636363636
0.718181818182
0.781818181818
0.690909090909
0.672727272727
0.8
0.727272727273
0.718181818182
0.727272727273
0.727272727273
0.727272727273
0.772727272727
0.763636363636
0.772727272727
0.718181818182
0.681818181818
0.754545454545
0.727272727273
0.772727272727
0.745454545455
0.781818181818
0.763636363636
0.745454545455
0.781818181818
0.709090909091
0.7
0.727272727273
0.827272727273
0.818181818182
0.790909090909
0.754545454545
0.781818181818
0.654545454545
0.772727272727
0.681818181818
0.727272727273
0.672727272727
0.709090909091
0.681818181818
0.736363636364
0.754545454545
0.654545454545
0.672727272727
0.718181818182
0.718181818182
0.8
0.8
0.754545454545
0.709090909091
0.745454545455
0.736363636364
0.681818181818
0.7
0.7
0.709090909091
0.736363636364
0.672727272727
0.718181818182
0.718181818182
0.690909090909
0.690909090909
0.7
0.636363636364
0.609090909091
0.627272727273
0.690909090909
0.645454545455
0.6
0.672727272727
0.663636363636
0.736363636364
0.672727272727
0.681818181818
0.727272727273
0.7
0.763636363636
0.718181818182
0.618181818182
0.709090909091
0.736363636364
0.763636363636
0.763636363636
0.718181818182
0.690909090909
0.663636363636
0.718181818182
0.754545454545
0.709090909091
0.672727272727
0.690909090909
0.636363636364
0.663636363636
0.7
0.709090909091
0.672727272727
0.654545454545
0.672727272727
0.681818181818
0.663636363636
0.645454545455
0.727272727273
0.663636363636
0.727272727273
0.672727272727
0.672727272727
0.654545454545
0.681818181818
0.654545454545
0.654545454545
0.636363636364
0.609090909091
0.681818181818
0.7
0.7
0.672727272727
0.672727272727
0.645454545455
0.709090909091
0.790909090909
0.745454545455
0.636363636364
0.645454545455
0.654545454545
0.663636363636
0.545454545455
0.663636363636
0.645454545455
0.672727272727
0.681818181818
0.681818181818
0.7
0.6
0.672727272727
0.636363636364
0.590909090909
0.581818181818
0.763636363636
0.645454545455
0.727272727273
0.654545454545
0.663636363636
0.672727272727
0.6
0.681818181818
0.709090909091
0.690909090909
0.718181818182
0.709090909091
0.681818181818
0.663636363636
0.672727272727
0.690909090909
0.7
0.672727272727
0.572727272727
0.609090909091
0.654545454545
0.645454545455
0.681818181818
0.7
0.654545454545
0.7
0.681818181818
0.709090909091
0.636363636364
0.718181818182
0.618181818182
0.6
0.609090909091
0.6
0.654545454545
0.645454545455
0.663636363636
0.672727272727
0.690909090909
0.690909090909
0.7
0.618181818182
0.627272727273
0.627272727273
0.636363636364
0.636363636364
0.627272727273
0.618181818182
0.627272727273
0.654545454545
0.663636363636
0.581818181818
0.681818181818
0.663636363636
0.7
0.645454545455
0.654545454545
0.654545454545
0.536363636364
0.6
0.609090909091
0.609090909091
0.681818181818
0.636363636364
0.654545454545
0.509090909091
0.627272727273
0.681818181818
0.681818181818
0.681818181818
0.563636363636
0.654545454545
0.645454545455
0.618181818182
0.554545454545
0.609090909091
0.581818181818
0.7
0.618181818182
0.627272727273
0.581818181818
0.627272727273
0.645454545455
0.681818181818
0.636363636364
0.672727272727
0.681818181818
0.6
0.554545454545
0.563636363636
0.654545454545
0.572727272727
0.627272727273
0.672727272727
0.654545454545
0.636363636364
0.581818181818
0.490909090909
0.545454545455
0.636363636364
0.6
0.527272727273
0.527272727273
0.581818181818
0.636363636364
0.636363636364
0.663636363636
0.7
0.663636363636
0.681818181818
0.609090909091
0.572727272727
0.6
0.527272727273
0.663636363636
0.627272727273
0.627272727273
0.663636363636
0.563636363636
0.654545454545
0.672727272727
0.545454545455
0.618181818182
0.609090909091
0.563636363636
0.581818181818
0.718181818182
0.618181818182
0.618181818182
0.590909090909
0.509090909091
0.636363636364
0.645454545455
0.627272727273
0.581818181818
0.563636363636
0.527272727273
0.581818181818
0.590909090909
0.581818181818
0.572727272727
0.6
0.618181818182
0.618181818182
0.645454545455
0.581818181818
0.690909090909
0.545454545455
0.663636363636
0.609090909091
0.681818181818
0.627272727273
0.627272727273
0.663636363636
0.554545454545
0.590909090909
0.618181818182
0.609090909091
0.6
0.681818181818
0.681818181818
0.609090909091
0.536363636364
0.554545454545
0.527272727273
0.536363636364
0.618181818182
0.581818181818
0.545454545455
0.654545454545
0.563636363636
0.6
0.554545454545
0.563636363636
0.554545454545
0.563636363636
0.6
0.536363636364
0.618181818182
0.545454545455
0.518181818182
0.472727272727
0.627272727273
0.954545454545
0.927272727273
0.881818181818
0.918181818182
0.9
0.890909090909
0.872727272727
0.927272727273
0.936363636364
0.881818181818
0.9
0.945454545455
0.927272727273
0.590909090909
0.663636363636
0.636363636364
0.572727272727
0.709090909091
0.627272727273
0.554545454545
0.527272727273
0.581818181818
0.618181818182
0.609090909091
0.545454545455
0.572727272727
0.7
0.672727272727
0.6
0.572727272727
0.572727272727
0.645454545455
0.536363636364
0.590909090909
0.572727272727
0.645454545455
0.636363636364
0.690909090909
0.572727272727
0.609090909091
0.609090909091
0.7
0.581818181818
0.554545454545
0.6
0.645454545455
0.6
0.527272727273
0.618181818182
0.609090909091
0.609090909091
0.563636363636
0.618181818182
0.545454545455
0.527272727273
0.636363636364
0.6
0.790909090909
0.663636363636
0.609090909091
0.645454545455
0.636363636364
0.654545454545
0.581818181818
0.627272727273
0.654545454545
0.663636363636
0.618181818182
0.536363636364
0.581818181818
0.654545454545
0.545454545455
0.627272727273
0.572727272727
0.6
0.590909090909
0.545454545455
0.554545454545
0.645454545455
0.672727272727
0.6
0.654545454545
0.609090909091
0.572727272727
0.527272727273
0.527272727273
0.490909090909
0.581818181818
0.609090909091
0.590909090909
0.618181818182
0.618181818182
0.581818181818
0.563636363636
0.6
0.554545454545
0.654545454545
0.590909090909
0.690909090909
0.654545454545
0.672727272727
0.536363636364
0.609090909091
0.6
0.654545454545
0.636363636364
0.645454545455
0.554545454545
0.609090909091
0.563636363636
0.572727272727
0.690909090909
0.663636363636
0.581818181818
0.536363636364
0.536363636364
0.6
0.563636363636
0.554545454545
0.572727272727
0.518181818182
0.581818181818
0.572727272727
0.636363636364
0.609090909091
0.618181818182
0.736363636364
0.545454545455
0.509090909091
0.5
0.6
0.627272727273
0.6
0.527272727273
0.627272727273
0.518181818182
0.609090909091
0.536363636364
0.609090909091
0.545454545455
0.536363636364
0.581818181818
0.554545454545
0.590909090909
0.618181818182
0.518181818182
0.481818181818
0.554545454545
0.627272727273
0.6
0.581818181818
0.563636363636
0.490909090909
0.563636363636
0.6
0.545454545455
0.609090909091
0.609090909091
0.609090909091
0.727272727273
0.645454545455
0.536363636364
0.690909090909
0.545454545455
0.636363636364
0.618181818182
0.545454545455
0.518181818182
0.590909090909
0.590909090909
0.518181818182
0.627272727273
0.527272727273
0.609090909091
0.554545454545
0.563636363636
0.572727272727
0.6
0.563636363636
0.563636363636
0.618181818182
0.527272727273
0.672727272727
0.536363636364
0.6
0.581818181818
0.536363636364
0.618181818182
0.545454545455
0.527272727273
0.518181818182
0.554545454545
0.554545454545
0.536363636364
0.554545454545
0.618181818182
0.527272727273
0.609090909091
0.572727272727
0.563636363636
0.509090909091
0.581818181818
0.518181818182
0.509090909091
0.590909090909
0.681818181818
0.627272727273
0.627272727273
0.545454545455
0.563636363636
0.5
0.445454545455
0.672727272727
0.563636363636
0.636363636364
0.518181818182
0.672727272727
0.627272727273
0.545454545455
0.536363636364
0.481818181818
0.445454545455
0.563636363636
0.554545454545
0.563636363636
0.518181818182
0.609090909091
0.572727272727
0.563636363636
0.6
0.554545454545
0.554545454545
0.627272727273
0.636363636364
0.581818181818
0.572727272727
0.6
0.563636363636
0.554545454545
0.518181818182
0.709090909091
0.581818181818
0.627272727273
0.572727272727
0.563636363636
0.581818181818
0.645454545455
0.636363636364
0.590909090909
0.427272727273
0.609090909091
0.554545454545
0.554545454545
0.554545454545
0.627272727273
0.554545454545
0.518181818182
0.418181818182
0.6
0.627272727273
0.536363636364
0.5
0.627272727273
0.554545454545
0.554545454545
0.536363636364
0.536363636364
0.481818181818
0.509090909091
0.581818181818
0.6
0.590909090909
0.554545454545
0.563636363636
0.6
0.581818181818
0.6
0.581818181818
0.609090909091
0.627272727273
0.554545454545
0.554545454545
0.536363636364
0.536363636364
0.536363636364
0.581818181818
0.554545454545
0.536363636364
0.572727272727
0.436363636364
0.563636363636
0.6
0.481818181818
0.527272727273
0.481818181818
0.518181818182
0.581818181818
0.6
0.536363636364
0.563636363636
0.6
0.581818181818
0.727272727273
0.754545454545
0.772727272727
0.854545454545
0.790909090909
0.763636363636
0.745454545455
0.754545454545
0.727272727273
0.790909090909
0.790909090909
0.790909090909
0.754545454545
0.809090909091
0.781818181818
0.754545454545
0.836363636364
0.745454545455
0.809090909091
0.709090909091
0.763636363636
0.818181818182
0.754545454545
0.672727272727
0.563636363636
